100
exact_precision=0.751004016064257
exact_recall=0.6607773851590106
exact_f1=0.7030075187969925

fuzzy_precision=0.7831325301204819
fuzzy_recall=0.6890459363957597
fuzzy_f1=0.7330827067669173
90
exact_precision=0.8578947368421053
exact_recall=0.5759717314487632
exact_f1=0.6892177589852009

fuzzy_precision=0.9
fuzzy_recall=0.6042402826855123
fuzzy_f1=0.7230443974630021
80
exact_precision=0.8717948717948718
exact_recall=0.6007067137809188
exact_f1=0.7112970711297072

fuzzy_precision=0.9128205128205128
fuzzy_recall=0.6289752650176679
fuzzy_f1=0.7447698744769875
